-2.000000 1
-2.000000 0
-1.647295 0
-1.294591 0
-0.941886 0
-0.589182 0
-0.236477 0
0.116227 0
0.468932 0
0.821636 0
1.174341 0
1.527045 0
1.879750 0
2.232454 0
2.585159 0
2.937863 0
3.290568 0
3.643272 0
3.995977 0
4.348681 0
4.701385 0
5.054090 0
4.348681 1
3.995976 1
3.643272 1
3.290567 1
2.937863 1
2.585158 1
2.232454 1
1.879749 1
1.527045 1
1.174340 1
0.821636 1
0.468931 1
0.116227 1
-0.236478 1
-0.236478 0
0.116227 0
0.468931 0
0.821636 0
1.174340 0
1.527045 0
1.879749 0
2.232454 0
2.585158 0
2.937863 0
3.290567 0
3.643272 0
3.995976 0
4.348681 0
4.701385 0
5.054090 0
4.348681 1
3.995976 1
3.643272 1
3.290567 1
2.937863 1
2.585158 1
2.232454 1
1.879749 1
1.527045 1
1.174340 1
0.821636 1
0.468931 1
0.116227 1
-0.236478 1
-0.236478 0
0.116227 0
0.468931 0
0.821636 0
1.174340 0
1.527045 0
1.879749 0
2.232454 0
2.585158 0
2.937863 0
3.290567 0
3.643272 0
3.995976 0
4.348681 0
4.701385 0
5.054090 0
4.348681 1
3.995976 1
3.643272 1
3.290567 1
2.937863 1
2.585158 1
2.232454 1
1.879749 1
1.527045 1
1.174340 1
0.821636 1
0.468931 1
0.116227 1
-0.236478 1
-0.236478 0
0.116227 0
0.468931 0
0.821636 0
1.174340 0
1.527045 0
1.879749 0
2.232454 0
2.585158 0
2.937863 0
3.290567 0
3.643272 0
3.995976 0
4.348681 0
4.701385 0
5.054090 0
4.348681 1
3.995976 1
3.643272 1
3.290567 1
2.937863 1
2.585158 1
2.232454 1
1.879749 1
1.527045 1
1.174340 1
0.821636 1
0.468931 1
0.116227 1
-0.236478 1
-0.236478 0
0.116227 0
0.468931 0
0.821636 0
1.174340 0
1.527045 0
1.879749 0
2.232454 0
2.585158 0
2.937863 0
3.290567 0
3.643272 0
3.995976 0
4.348681 0
4.701385 0
5.054090 0
4.348681 1
3.995976 1
3.643272 1
3.290567 1
2.937863 1
2.585158 1
2.232454 1
1.879749 1
1.527045 1
1.174340 1
0.821636 1
0.468931 1
0.116227 1
-0.236478 1
-0.236478 0
0.116227 0
0.468931 0
0.821636 0
1.174340 0
1.527045 0
1.879749 0
2.232454 0
2.585158 0
2.937863 0
3.290567 0
3.643272 0
3.995976 0
4.348681 0
4.701385 0
5.054090 0
4.348681 1
3.995976 1
3.643272 1
3.290567 1
2.937863 1
2.585158 1
2.232454 1
1.879749 1
1.527045 1
1.174340 1
0.821636 1
0.468931 1
0.116227 1
-0.236478 1
-0.236478 0
0.116227 0
0.468931 0
0.821636 0
1.174340 0
1.527045 0
1.879749 0
2.232454 0
2.585158 0
2.937863 0
3.290567 0
3.643272 0
3.995976 0
4.348681 0
4.701385 0
5.054090 0
4.348681 1
3.995976 1
3.643272 1
3.290567 1
2.937863 1
2.585158 1
2.232454 1
1.879749 1
